1,1,breadth_first_search,43,56,180,6,0.020423484998900676
1,2,breadth_first_tree_search,1458,1459,5960,6,0.6395048399990628
1,3,depth_first_graph_search,12,13,48,12,0.005443998999908217
1,4,depth_limited_search,101,271,414,50,0.05989972399947874
1,5,uniform_cost_search,55,57,224,6,0.025663215999884414
1,6,recursive_best_first_search with h_1,4229,4230,17029,6,2.1920554780008388
1,7,greedy_best_first_graph_search with h_1,7,9,28,6,0.003459315999862156
1,8,astar_search with h_1,55,57,224,6,0.026202052998996805
1,9,astar_search with h_ignore_preconditions,41,43,170,6,0.021444814999995288
1,10,astar_search with h_pg_levelsum,11,13,50,6,0.9776021190009487
2,1,breadth_first_search,3346,4612,30534,9,9.245822934999524
2,2,,,,,
2,3,depth_first_graph_search,1124,1125,10017,1085,5.271785169001305
2,4,depth_limited_search,213491,1967093,1967471,50,586.5024682830008
2,5,uniform_cost_search,4853,4855,44041,9,29.55098016000011
2,6,,,,,
2,7,greedy_best_first_graph_search with h_1,998,1000,8982,21,4.889845429999696
2,8,astar_search with h_1,4853,4855,44041,9,30.18334281999887
2,9,astar_search with h_ignore_preconditions,1506,1508,13820,9,8.49531895600012
2,10,astar_search with h_pg_levelsum,86,88,841,9,100.21270399899913
3,1,breadth_first_search,14120,17673,124926,12,66.10462981799901
3,2,,,,,
3,3,depth_first_graph_search,677,678,5608,660,2.407824478999828
3,4,,,,,
3,5,uniform_cost_search,18223,18225,159618,12,250.58504546299991
3,6,,,,,
3,7,greedy_best_first_graph_search with h_1,5578,5580,49150,22,64.21611787300026
3,8,astar_search with h_1,18223,18225,159618,12,249.24339687299835
3,9,astar_search with h_ignore_preconditions,5118,5120,45650,12,54.24628203999964
3,10,,,,,
